POLICY: SPT
NUMBER OF EPISODES: 10000
AVERAGE: 43.3609296829683
MEAN: 43.3609296829683
STD: 3.7392427842220872
RSTD: 8.623530010914
MIN: 34.3253
MAX: 63.0535
