POLICY: EDD
NUMBER OF EPISODES: 10000
AVERAGE: 679.6694637263726
MEAN: 679.6694637263726
STD: 179.9750016780267
RSTD: 26.47978337753933
MIN: 230.7533
MAX: 1974.2512
