POLICY: SCT
NUMBER OF EPISODES: 10000
AVERAGE: 76.06983412871287
MEAN: 76.06983412871287
STD: 3.4081655575371075
RSTD: 4.480311540801273
MIN: 65.50208100000002
MAX: 92.27105999999999
