POLICY: FIFO
NUMBER OF EPISODES: 10000
AVERAGE: 55.91705439543955
MEAN: 55.91705439543955
STD: 3.88664231453816
RSTD: 6.950727924708324
MIN: 44.0152
MAX: 72.0699
